00000000

0000000f

00e40000
003f0000
003f0000
007a0000
00000000
00000000
00000000
00000000
00000000
00000000

00000001
00000002
00000004
00000008


00000001
00000001
00000002
00000002
00000004
00000004
00000008
00000008
00000011
00000012
00000024
00000028
00000050
00000060
000000C0	
00000080


00000082
00000042
00000022
00000012
0000000A
00000006
00000003
00000001
00000088
000000C8
00000068
00000038
0000001C
0000000E
00000007
00000093
000000D1
000000F0
00000078
0000003C
0000001E
0000000F
00000007
00000003
00000001